Frame,Time,[0][0],[0][1],[0][2],[0][3],[1][0],[1][1],[1][2],[1][3],[2][0],[2][1],[2][2],[2][3],[3][0],[3][1],[3][2],[3][3]
1,0.033333,-3.997723e-002,1.976375e-001,9.794597e-001,0.000000e+000,9.991868e-001,1.306496e-002,3.814613e-002,0.000000e+000,-5.257493e-003,9.801882e-001,-1.979991e-001,0.000000e+000,-6.161638e+001,-5.620186e+001,1.019008e+001,1.000000e+000
2,0.066667,-3.843089e-002,2.456710e-001,9.685912e-001,0.000000e+000,9.992072e-001,1.952879e-002,3.469243e-002,0.000000e+000,-1.039249e-002,9.691566e-001,-2.462267e-001,0.000000e+000,-6.137818e+001,-5.604866e+001,1.079157e+001,1.000000e+000
3,0.100000,-3.770684e-002,2.909767e-001,9.559868e-001,0.000000e+000,9.991713e-001,2.564959e-002,3.160314e-002,0.000000e+000,-1.532489e-002,9.563864e-001,-2.917027e-001,0.000000e+000,-6.113985e+001,-5.595226e+001,1.129705e+001,1.000000e+000
4,0.133333,-3.785175e-002,3.327908e-001,9.422407e-001,0.000000e+000,9.990855e-001,3.136539e-002,2.905737e-002,0.000000e+000,-1.988372e-002,9.424790e-001,-3.336737e-001,0.000000e+000,-6.090522e+001,-5.589661e+001,1.168661e+001,1.000000e+000
5,0.166667,-3.885156e-002,3.707479e-001,9.279206e-001,0.000000e+000,9.989572e-001,3.669815e-002,2.716321e-002,0.000000e+000,-2.398227e-002,9.280083e-001,-3.717870e-001,0.000000e+000,-6.067835e+001,-5.586809e+001,1.196013e+001,1.000000e+000
6,0.200000,-4.058570e-002,4.047129e-001,9.135427e-001,0.000000e+000,9.987953e-001,4.167101e-002,2.591235e-002,0.000000e+000,-2.758119e-002,9.134939e-001,-4.059166e-001,0.000000e+000,-6.046518e+001,-5.585558e+001,1.212967e+001,1.000000e+000
7,0.233333,-4.284068e-002,4.349384e-001,8.994406e-001,0.000000e+000,9.986117e-001,4.625572e-002,2.519659e-002,0.000000e+000,-3.064530e-002,8.992715e-001,-4.363162e-001,0.000000e+000,-6.027487e+001,-5.584122e+001,1.222655e+001,1.000000e+000
8,0.266667,-4.540838e-002,4.619726e-001,8.857310e-001,0.000000e+000,9.984182e-001,5.041439e-002,2.489074e-002,0.000000e+000,-3.315475e-002,8.854603e-001,-4.635311e-001,0.000000e+000,-6.011689e+001,-5.580323e+001,1.229045e+001,1.000000e+000
9,0.300000,-4.813168e-002,4.864579e-001,8.723772e-001,0.000000e+000,9.982237e-001,5.412634e-002,2.489291e-002,0.000000e+000,-3.510923e-002,8.720260e-001,-4.881990e-001,0.000000e+000,-5.999865e+001,-5.572149e+001,1.235552e+001,1.000000e+000
10,0.333333,-5.090502e-002,5.089931e-001,8.592641e-001,0.000000e+000,9.980347e-001,5.740871e-002,2.511959e-002,0.000000e+000,-3.654354e-002,8.588541e-001,-5.109152e-001,0.000000e+000,-5.992340e+001,-5.558428e+001,1.244108e+001,1.000000e+000
11,0.366667,-5.364083e-002,5.299739e-001,8.463157e-001,0.000000e+000,9.978548e-001,6.030134e-002,2.548416e-002,0.000000e+000,-3.752803e-002,8.458673e-001,-5.320717e-001,0.000000e+000,-5.989038e+001,-5.539415e+001,1.254515e+001,1.000000e+000
12,0.400000,-5.625002e-002,5.495439e-001,8.335690e-001,0.000000e+000,9.976872e-001,6.284753e-002,2.589162e-002,0.000000e+000,-3.815919e-002,8.330976e-001,-5.518082e-001,0.000000e+000,-5.989518e+001,-5.517037e+001,1.264403e+001,1.000000e+000
13,0.433333,-5.869545e-002,5.677777e-001,8.210867e-001,0.000000e+000,9.975331e-001,6.508219e-002,2.630472e-002,0.000000e+000,-3.850289e-002,8.206052e-001,-5.701971e-001,0.000000e+000,-5.993130e+001,-5.493775e+001,1.270678e+001,1.000000e+000
14,0.466667,-6.100960e-002,5.847775e-001,8.088962e-001,0.000000e+000,9.973899e-001,6.706990e-002,2.673942e-002,0.000000e+000,-3.861597e-002,8.084164e-001,-5.873432e-001,0.000000e+000,-5.999148e+001,-5.472099e+001,1.270901e+001,1.000000e+000
15,0.500000,-6.327154e-002,6.006423e-001,7.970104e-001,0.000000e+000,9.972510e-001,6.891124e-002,2.723504e-002,0.000000e+000,-3.856446e-002,7.965426e-001,-6.033513e-001,0.000000e+000,-6.006730e+001,-5.454214e+001,1.263706e+001,1.000000e+000
16,0.533333,-6.557789e-002,6.154404e-001,7.854506e-001,0.000000e+000,9.971068e-001,7.073916e-002,2.782154e-002,0.000000e+000,-3.843963e-002,7.850028e-001,-6.182987e-001,0.000000e+000,-6.014776e+001,-5.441809e+001,1.249136e+001,1.000000e+000
17,0.566667,-6.800629e-002,6.291949e-001,7.742668e-001,0.000000e+000,9.969469e-001,7.270039e-002,2.848627e-002,0.000000e+000,-3.836608e-002,7.738401e-001,-6.322180e-001,0.000000e+000,-6.021905e+001,-5.435746e+001,1.228906e+001,1.000000e+000
18,0.600000,-7.055133e-002,6.418105e-001,7.636110e-001,0.000000e+000,9.967669e-001,7.486651e-002,2.916816e-002,0.000000e+000,-3.844845e-002,7.632002e-001,-6.450174e-001,0.000000e+000,-6.027084e+001,-5.435801e+001,1.205626e+001,1.000000e+000
19,0.633333,-7.306180e-002,6.530437e-001,7.537878e-001,1.734723e-018,9.965755e-001,7.714862e-002,2.975663e-002,2.168404e-019,-3.872133e-002,7.533805e-001,-6.564439e-001,1.734723e-018,-6.030252e+001,-5.440501e+001,1.182024e+001,1.000000e+000
20,0.666667,-7.525925e-002,6.625831e-001,7.451978e-001,0.000000e+000,9.963948e-001,7.931679e-002,3.010472e-002,0.000000e+000,-3.915983e-002,7.447768e-001,-6.661636e-001,0.000000e+000,-6.032201e+001,-5.447534e+001,1.160713e+001,1.000000e+000
21,0.700000,-7.687340e-002,6.701431e-001,7.382404e-001,0.000000e+000,9.962498e-001,8.111672e-002,3.010582e-002,0.000000e+000,-3.970844e-002,7.377862e-001,-6.738655e-001,0.000000e+000,-6.034037e+001,-5.454474e+001,1.143819e+001,1.000000e+000
22,0.733333,-7.777465e-002,6.755383e-001,7.332116e-001,0.000000e+000,9.961558e-001,8.239049e-002,2.975642e-002,0.000000e+000,-4.030807e-002,7.327074e-001,-6.793492e-001,0.000000e+000,-6.036610e+001,-5.459547e+001,1.132684e+001,1.000000e+000
23,0.766667,-7.796926e-002,6.786472e-001,7.303143e-001,0.000000e+000,9.961155e-001,8.309989e-002,2.912568e-002,0.000000e+000,-4.092299e-002,7.297483e-001,-6.824901e-001,0.000000e+000,-6.040311e+001,-5.462076e+001,1.127936e+001,1.000000e+000
24,0.800000,-7.754626e-002,6.793836e-001,7.296744e-001,0.000000e+000,9.961225e-001,8.330049e-002,2.830387e-002,0.000000e+000,-4.155306e-002,7.290399e-001,-6.832088e-001,0.000000e+000,-6.045114e+001,-5.462556e+001,1.129575e+001,1.000000e+000
25,0.833333,-7.660247e-002,6.776453e-001,7.313884e-001,0.000000e+000,9.961678e-001,8.306962e-002,2.736878e-002,0.000000e+000,-4.220983e-002,7.306823e-001,-6.814117e-001,0.000000e+000,-6.050791e+001,-5.462069e+001,1.136966e+001,1.000000e+000
26,0.866667,-7.528637e-002,6.732591e-001,7.355638e-001,0.000000e+000,9.962385e-001,8.252335e-002,2.643359e-002,0.000000e+000,-4.290454e-002,7.347871e-001,-6.769395e-001,0.000000e+000,-6.056761e+001,-5.462215e+001,1.148645e+001,1.000000e+000
27,0.900000,-7.379785e-002,6.659672e-001,7.423218e-001,0.000000e+000,9.963172e-001,8.181816e-002,2.564639e-002,0.000000e+000,-4.365574e-002,7.414808e-001,-6.695526e-001,0.000000e+000,-6.062165e+001,-5.464945e+001,1.162501e+001,1.000000e+000
28,0.933333,-7.233763e-002,6.554996e-001,7.517231e-001,0.000000e+000,9.963869e-001,8.112314e-002,2.514236e-002,0.000000e+000,-4.450133e-002,7.508258e-001,-6.589994e-001,0.000000e+000,-6.066201e+001,-5.472150e+001,1.176176e+001,1.000000e+000
29,0.966667,-7.100011e-002,6.416773e-001,7.636814e-001,0.000000e+000,9.964379e-001,8.055178e-002,2.495671e-002,0.000000e+000,-4.550174e-002,7.627332e-001,-6.451108e-001,0.000000e+000,-6.068652e+001,-5.485004e+001,1.187820e+001,1.000000e+000
30,1.000000,-6.979815e-002,6.244467e-001,7.779424e-001,0.000000e+000,9.964680e-001,8.014148e-002,2.507583e-002,0.000000e+000,-4.668694e-002,7.769452e-001,-6.278349e-001,0.000000e+000,-6.069966e+001,-5.503901e+001,1.196072e+001,1.000000e+000
31,1.033333,-6.872473e-002,6.039348e-001,7.940653e-001,0.000000e+000,9.964799e-001,7.985781e-002,2.550661e-002,0.000000e+000,-4.800798e-002,7.930231e-001,-6.072971e-001,0.000000e+000,-6.071095e+001,-5.528498e+001,1.199914e+001,1.000000e+000
32,1.066667,-6.778830e-002,5.803990e-001,8.115059e-001,0.000000e+000,9.964776e-001,7.963316e-002,2.628513e-002,0.000000e+000,-4.936691e-002,8.104294e-001,-5.837528e-001,0.000000e+000,-6.073064e+001,-5.557834e+001,1.198705e+001,1.000000e+000
33,1.100000,-6.702954e-002,5.542051e-001,8.296770e-001,0.000000e+000,9.964640e-001,7.940661e-002,2.746249e-002,0.000000e+000,-5.066199e-002,8.285840e-001,-5.575680e-001,0.000000e+000,-6.076554e+001,-5.590484e+001,1.192438e+001,1.000000e+000
34,1.133333,-6.651048e-002,5.258473e-001,8.479747e-001,0.000000e+000,9.964402e-001,7.912388e-002,2.908891e-002,0.000000e+000,-5.179872e-002,8.468909e-001,-5.292380e-001,0.000000e+000,-6.081913e+001,-5.624552e+001,1.182163e+001,1.000000e+000
35,1.166667,-6.628111e-002,4.958920e-001,8.658510e-001,0.000000e+000,9.964082e-001,7.872880e-002,3.118562e-002,0.000000e+000,-5.270271e-002,8.648081e-001,-4.993290e-001,0.000000e+000,-6.089217e+001,-5.658153e+001,1.169692e+001,1.000000e+000
36,1.200000,-6.634626e-002,4.646965e-001,8.829809e-001,0.000000e+000,9.963688e-001,7.818008e-002,3.372138e-002,0.000000e+000,-5.336132e-002,8.820120e-001,-4.681961e-001,0.000000e+000,-6.098073e+001,-5.690804e+001,1.155627e+001,1.000000e+000
37,1.233333,-6.671024e-002,4.325826e-001,8.991230e-001,0.000000e+000,9.963191e-001,7.749852e-002,3.663592e-002,0.000000e+000,-5.383263e-002,8.982574e-001,-4.361602e-001,0.000000e+000,-6.107594e+001,-5.723141e+001,1.140040e+001,1.000000e+000
38,1.266667,-6.740163e-002,3.998518e-001,9.140983e-001,0.000000e+000,9.962543e-001,7.671583e-002,3.990185e-002,0.000000e+000,-5.417099e-002,9.133638e-001,-4.035248e-001,0.000000e+000,-6.116892e+001,-5.756117e+001,1.122173e+001,1.000000e+000
39,1.300000,-6.840424e-002,3.669000e-001,9.277421e-001,0.000000e+000,9.961755e-001,7.579084e-002,4.347650e-002,0.000000e+000,-5.436282e-002,9.271679e-001,-3.706812e-001,0.000000e+000,-6.125579e+001,-5.789836e+001,1.101507e+001,1.000000e+000
40,1.333333,-6.963339e-002,3.341260e-001,9.399527e-001,0.000000e+000,9.960917e-001,7.461063e-002,4.727037e-002,0.000000e+000,-5.433620e-002,9.395707e-001,-3.380155e-001,0.000000e+000,-6.133694e+001,-5.823573e+001,1.077728e+001,1.000000e+000
41,1.366667,-7.095913e-002,3.018010e-001,9.507264e-001,0.000000e+000,9.960161e-001,7.304223e-002,5.115271e-002,0.000000e+000,-5.400524e-002,9.505689e-001,-3.057818e-001,0.000000e+000,-6.141593e+001,-5.856340e+001,1.050394e+001,1.000000e+000
42,1.400000,-7.222686e-002,2.700806e-001,9.601248e-001,0.000000e+000,9.959632e-001,7.096949e-002,5.495935e-002,0.000000e+000,-5.329612e-002,9.602187e-001,-2.741162e-001,0.000000e+000,-6.149813e+001,-5.887041e+001,1.019381e+001,1.000000e+000
43,1.433333,-7.334105e-002,2.389119e-001,9.682676e-001,0.000000e+000,9.959396e-001,6.836642e-002,5.856824e-002,0.000000e+000,-5.220432e-002,9.686316e-001,-2.429560e-001,0.000000e+000,-6.158646e+001,-5.915379e+001,9.838629e+000,1.000000e+000
44,1.466667,-7.429840e-002,2.081891e-001,9.752625e-001,0.000000e+000,9.959401e-001,6.533159e-002,6.192737e-002,0.000000e+000,-5.082285e-002,9.759044e-001,-2.121979e-001,0.000000e+000,-6.167733e+001,-5.941709e+001,9.427733e+000,1.000000e+000
45,1.500000,-7.517698e-002,1.778990e-001,9.811729e-001,0.000000e+000,9.959486e-001,6.208643e-002,6.505204e-002,0.000000e+000,-4.934483e-002,9.820883e-001,-1.818458e-001,0.000000e+000,-6.175933e+001,-5.966737e+001,8.957021e+000,1.000000e+000
46,1.533333,-7.606232e-002,1.480176e-001,9.860554e-001,0.000000e+000,9.959480e-001,5.886382e-002,6.798933e-002,0.000000e+000,-4.797935e-002,9.872315e-001,-1.518953e-001,0.000000e+000,-6.181967e+001,-5.991372e+001,8.426417e+000,1.000000e+000
47,1.566667,-7.698938e-002,1.185228e-001,9.899621e-001,0.000000e+000,9.959311e-001,5.578534e-002,7.077473e-002,0.000000e+000,-4.683694e-002,9.913831e-001,-1.223354e-001,0.000000e+000,-6.185189e+001,-6.015937e+001,7.842466e+000,1.000000e+000
48,1.600000,-7.794222e-002,8.941367e-002,9.929402e-001,0.000000e+000,9.959011e-001,5.282776e-002,7.341757e-002,0.000000e+000,-4.589026e-002,9.945926e-001,-9.316473e-002,0.000000e+000,-6.185915e+001,-6.039784e+001,7.219266e+000,1.000000e+000
49,1.633333,-7.884086e-002,6.066494e-002,9.950396e-001,0.000000e+000,9.958692e-001,4.989230e-002,7.586478e-002,0.000000e+000,-4.504248e-002,9.969105e-001,-6.434794e-002,0.000000e+000,-6.184992e+001,-6.061966e+001,6.575754e+000,1.000000e+000
50,1.666667,-7.956883e-002,3.218647e-002,9.963096e-001,0.000000e+000,9.958484e-001,4.689721e-002,7.801696e-002,0.000000e+000,-4.421304e-002,9.983811e-001,-3.578440e-002,0.000000e+000,-6.183193e+001,-6.082087e+001,5.929899e+000,1.000000e+000
51,1.700000,-8.010953e-002,3.868797e-003,9.967785e-001,0.000000e+000,9.958417e-001,4.383019e-002,7.986413e-002,0.000000e+000,-4.338002e-002,9.990316e-001,-7.363940e-003,0.000000e+000,-6.180949e+001,-6.100489e+001,5.287446e+000,1.000000e+000
52,1.733333,-8.053435e-002,-2.439651e-002,9.964532e-001,0.000000e+000,9.958416e-001,4.074460e-002,8.148248e-002,0.000000e+000,-4.258797e-002,9.988719e-001,2.101365e-002,0.000000e+000,-6.178434e+001,-6.117980e+001,4.640004e+000,1.000000e+000
53,1.766667,-8.096014e-002,-5.263688e-002,9.953265e-001,0.000000e+000,9.958355e-001,3.772569e-002,8.299663e-002,0.000000e+000,-4.191805e-002,9.979010e-001,4.936333e-002,0.000000e+000,-6.175692e+001,-6.135273e+001,3.973131e+000,1.000000e+000
54,1.800000,-8.151699e-002,-8.069815e-002,9.933997e-001,0.000000e+000,9.958091e-001,3.487088e-002,8.454743e-002,0.000000e+000,-4.146353e-002,9.961284e-001,7.751736e-002,0.000000e+000,-6.172581e+001,-6.152641e+001,3.277608e+000,1.000000e+000
55,1.833333,-8.231093e-002,-1.082324e-001,9.907122e-001,0.000000e+000,9.957512e-001,3.224752e-002,8.625256e-002,0.000000e+000,-4.128331e-002,9.936025e-001,1.051181e-001,0.000000e+000,-6.168932e+001,-6.169798e+001,2.556455e+000,1.000000e+000
56,1.866667,-8.336993e-002,-1.348675e-001,9.873502e-001,0.000000e+000,9.956600e-001,2.984868e-002,8.814882e-002,0.000000e+000,-4.135950e-002,9.904140e-001,1.317936e-001,0.000000e+000,-6.164842e+001,-6.186211e+001,1.820411e+000,1.000000e+000
57,1.900000,-8.461683e-002,-1.602051e-001,9.834502e-001,0.000000e+000,9.955441e-001,2.762971e-002,9.015831e-002,0.000000e+000,-4.161626e-002,9.866970e-001,1.571532e-001,0.000000e+000,-6.160505e+001,-6.201179e+001,1.089947e+000,1.000000e+000
58,1.933333,-8.596605e-002,-1.838801e-001,9.791823e-001,0.000000e+000,9.954153e-001,2.551148e-002,9.218201e-002,0.000000e+000,-4.193082e-002,9.826177e-001,1.808439e-001,0.000000e+000,-6.156118e+001,-6.213918e+001,3.839999e-001,1.000000e+000
59,1.966667,-8.735130e-002,-2.055398e-001,9.747427e-001,0.000000e+000,9.952848e-001,2.340912e-002,9.412839e-002,0.000000e+000,-4.216497e-002,9.783689e-001,2.025258e-001,0.000000e+000,-6.151779e+001,-6.223618e+001,-2.826914e-001,1.000000e+000
60,2.000000,-8.871505e-002,-2.248366e-001,9.703496e-001,0.000000e+000,9.951620e-001,2.128083e-002,9.591447e-002,0.000000e+000,-4.221493e-002,9.741642e-001,2.218609e-001,0.000000e+000,-6.147293e+001,-6.229662e+001,-8.989397e-001,1.000000e+000
61,2.033333,-8.999401e-002,-2.414235e-001,9.662381e-001,0.000000e+000,9.950544e-001,1.916287e-002,9.746596e-002,0.000000e+000,-4.204646e-002,9.702307e-001,2.385049e-001,0.000000e+000,-6.142122e+001,-6.231798e+001,-1.454339e+000,1.000000e+000
62,2.066667,-9.110674e-002,-2.548539e-001,9.626781e-001,0.000000e+000,9.949677e-001,1.718364e-002,9.871170e-002,0.000000e+000,-4.169936e-002,9.668269e-001,2.520058e-001,0.000000e+000,-6.135476e+001,-6.230047e+001,-1.931115e+000,1.000000e+000
63,2.100000,-9.195670e-002,-2.646409e-001,9.599528e-001,0.000000e+000,9.949083e-001,1.551597e-002,9.958269e-002,0.000000e+000,-4.124824e-002,9.642223e-001,2.618665e-001,0.000000e+000,-6.126527e+001,-6.224659e+001,-2.307839e+000,1.000000e+000
64,2.133333,-9.244559e-002,-2.702352e-001,9.583458e-001,0.000000e+000,9.948826e-001,1.434241e-002,1.000144e-001,0.000000e+000,-4.077238e-002,9.626876e-001,2.675263e-001,0.000000e+000,-6.114665e+001,-6.215979e+001,-2.562636e+000,1.000000e+000
65,2.166667,-9.250019e-002,-2.710737e-001,9.581038e-001,0.000000e+000,9.948959e-001,1.380558e-002,9.995829e-002,0.000000e+000,-4.032322e-002,9.624596e-001,2.684130e-001,0.000000e+000,-6.099955e+001,-6.204288e+001,-2.677863e+000,1.000000e+000
66,2.200000,-9.210399e-002,-2.667501e-001,9.593546e-001,0.000000e+000,9.949498e-001,1.394849e-002,9.939976e-002,0.000000e+000,-3.989644e-002,9.636649e-001,2.641182e-001,0.000000e+000,-6.083438e+001,-6.189735e+001,-2.647826e+000,1.000000e+000
67,2.233333,-9.131407e-002,-2.570960e-001,9.620621e-001,0.000000e+000,9.950423e-001,1.467102e-002,9.836499e-002,0.000000e+000,-3.940367e-002,9.662746e-001,2.544816e-001,0.000000e+000,-6.066970e+001,-6.172023e+001,-2.479692e+000,1.000000e+000
68,2.266667,-9.023479e-002,-2.420993e-001,9.660464e-001,0.000000e+000,9.951685e-001,1.576792e-002,9.690657e-002,0.000000e+000,-3.869354e-002,9.701234e-001,2.395067e-001,0.000000e+000,-6.052975e+001,-6.150500e+001,-2.181730e+000,1.000000e+000
69,2.300000,-8.894276e-002,-2.219537e-001,9.709921e-001,0.000000e+000,9.953260e-001,1.701597e-002,9.506133e-002,0.000000e+000,-3.762158e-002,9.749088e-001,2.194028e-001,0.000000e+000,-6.043660e+001,-6.124846e+001,-1.758992e+000,1.000000e+000
70,2.333333,-8.746950e-002,-1.970091e-001,9.764920e-001,0.000000e+000,9.955133e-001,1.822220e-002,9.284972e-002,0.000000e+000,-3.608606e-002,9.802324e-001,1.945312e-001,0.000000e+000,-6.040564e+001,-6.095176e+001,-1.209541e+000,1.000000e+000
71,2.366667,-8.579625e-002,-1.676575e-001,9.821050e-001,0.000000e+000,9.957291e-001,1.930242e-002,9.028164e-002,0.000000e+000,-3.409339e-002,9.856564e-001,1.652854e-001,0.000000e+000,-6.044145e+001,-6.062155e+001,-5.246395e-001,1.000000e+000
72,2.400000,-8.388288e-002,-1.342444e-001,9.873915e-001,0.000000e+000,9.959685e-001,2.031132e-002,8.737305e-002,0.000000e+000,-3.178455e-002,9.907402e-001,1.319993e-001,0.000000e+000,-6.053736e+001,-6.026851e+001,3.062939e-001,1.000000e+000
73,2.433333,-8.171012e-002,-9.707426e-002,9.919174e-001,0.000000e+000,9.962215e-001,2.143357e-002,8.416229e-002,0.000000e+000,-2.943032e-002,9.950463e-001,9.495609e-002,0.000000e+000,-6.067625e+001,-5.990598e+001,1.287473e+000,1.000000e+000
74,2.466667,-7.931112e-002,-5.642026e-002,9.952520e-001,-2.168404e-019,9.964748e-001,2.289887e-002,8.070671e-002,3.469447e-018,-2.734364e-002,9.981446e-001,5.440523e-002,-5.421011e-020,-6.083605e+001,-5.954365e+001,2.411073e+000,1.000000e+000
75,2.500000,-7.678036e-002,-1.258027e-002,9.969686e-001,0.000000e+000,9.967145e-001,2.489392e-002,7.707492e-002,0.000000e+000,-2.578807e-002,9.996110e-001,1.062753e-002,0.000000e+000,-6.099452e+001,-5.918353e+001,3.652240e+000,1.000000e+000
76,2.533333,-7.422944e-002,3.411714e-002,9.966574e-001,0.000000e+000,9.969298e-001,2.751380e-002,7.330789e-002,0.000000e+000,-2.492077e-002,9.990392e-001,-3.605478e-002,0.000000e+000,-6.113247e+001,-5.882041e+001,4.975037e+000,1.000000e+000
77,2.566667,-7.177234e-002,8.322512e-002,9.939427e-001,0.000000e+000,9.971122e-001,3.078186e-002,6.942379e-002,0.000000e+000,-2.481760e-002,9.960554e-001,-8.519411e-002,0.000000e+000,-6.123415e+001,-5.844842e+001,6.335246e+000,1.000000e+000
78,2.600000,-6.950587e-002,1.340797e-001,9.885300e-001,0.000000e+000,9.972559e-001,3.465794e-002,6.541857e-002,0.000000e+000,-2.548911e-002,9.903644e-001,-1.361207e-001,0.000000e+000,-6.128714e+001,-5.806516e+001,7.683961e+000,1.000000e+000
79,2.633333,-6.748399e-002,1.859112e-001,9.802464e-001,0.000000e+000,9.973580e-001,3.904467e-002,6.125692e-002,0.000000e+000,-2.688504e-002,9.817906e-001,-1.880550e-001,0.000000e+000,-6.128108e+001,-5.766988e+001,8.976563e+000,1.000000e+000
80,2.666667,-6.578326e-002,2.378556e-001,9.690703e-001,0.000000e+000,9.974149e-001,4.381542e-002,5.695302e-002,0.000000e+000,-2.891362e-002,9.703119e-001,-2.401231e-001,0.000000e+000,-6.121036e+001,-5.726734e+001,1.016772e+001,1.000000e+000
81,2.700000,-6.445724e-002,2.890651e-001,9.551370e-001,0.000000e+000,9.974260e-001,4.878658e-002,5.254624e-002,0.000000e+000,-3.140858e-002,9.560656e-001,-2.914658e-001,0.000000e+000,-6.107787e+001,-5.686547e+001,1.121803e+001,1.000000e+000
82,2.733333,-6.358324e-002,3.387584e-001,9.387225e-001,0.000000e+000,9.973923e-001,5.374895e-002,4.816071e-002,0.000000e+000,-3.414050e-002,9.393370e-001,-3.412926e-001,0.000000e+000,-6.089363e+001,-5.647508e+001,1.209299e+001,1.000000e+000
83,2.766667,-6.321285e-002,3.863276e-001,9.201930e-001,0.000000e+000,9.973207e-001,5.846681e-002,4.396485e-002,0.000000e+000,-3.681592e-002,9.205068e-001,-3.889884e-001,0.000000e+000,-6.067426e+001,-5.610462e+001,1.276998e+001,1.000000e+000
84,2.800000,-6.334864e-002,4.312699e-001,8.999963e-001,0.000000e+000,9.972239e-001,6.271603e-002,4.013935e-002,0.000000e+000,-3.913331e-002,9.000407e-001,-4.340456e-001,0.000000e+000,-6.044155e+001,-5.576054e+001,1.323633e+001,1.000000e+000
85,2.833333,-6.397334e-002,4.731925e-001,8.786331e-001,0.000000e+000,9.971132e-001,6.638927e-002,3.684561e-002,0.000000e+000,-4.089675e-002,8.784540e-001,-4.760737e-001,0.000000e+000,-6.021562e+001,-5.545078e+001,1.348964e+001,1.000000e+000
86,2.866667,-6.509539e-002,5.118120e-001,8.566278e-001,0.000000e+000,9.969926e-001,6.953173e-002,3.421844e-002,0.000000e+000,-4.204939e-002,8.562792e-001,-5.147991e-001,0.000000e+000,-6.000944e+001,-5.518725e+001,1.353877e+001,1.000000e+000
87,2.900000,-6.673738e-002,5.469059e-001,8.345298e-001,0.000000e+000,9.968583e-001,7.230496e-002,3.233403e-002,0.000000e+000,-4.265698e-002,8.340660e-001,-5.500132e-001,0.000000e+000,-5.982679e+001,-5.498476e+001,1.339907e+001,1.000000e+000
88,2.933333,-6.888416e-002,5.784186e-001,8.128265e-001,0.000000e+000,9.967054e-001,7.487095e-002,3.118807e-002,0.000000e+000,-4.281734e-002,8.122970e-001,-5.816703e-001,0.000000e+000,-5.966782e+001,-5.484853e+001,1.309461e+001,1.000000e+000
89,2.966667,-7.142500e-002,6.066013e-001,7.917912e-001,0.000000e+000,9.965360e-001,7.729768e-002,3.067569e-002,0.000000e+000,-4.259571e-002,7.912396e-001,-6.100211e-001,0.000000e+000,-5.953453e+001,-5.476593e+001,1.266365e+001,1.000000e+000
90,3.000000,-7.416644e-002,6.319387e-001,7.714615e-001,0.000000e+000,9.963576e-001,7.959905e-002,3.058429e-002,0.000000e+000,-4.208020e-002,7.709199e-001,-6.355405e-001,0.000000e+000,-5.943015e+001,-5.471670e+001,1.215370e+001,1.000000e+000
91,3.033333,-7.693532e-002,6.549783e-001,7.517210e-001,0.000000e+000,9.961759e-001,8.180913e-002,3.067351e-002,0.000000e+000,-4.140716e-002,7.512063e-001,-6.587676e-001,0.000000e+000,-5.935698e+001,-5.468516e+001,1.160919e+001,1.000000e+000
92,3.066667,-7.964184e-002,6.762431e-001,7.323609e-001,0.000000e+000,9.959911e-001,8.400294e-002,3.074464e-002,0.000000e+000,-4.072962e-002,7.318736e-001,-6.802223e-001,0.000000e+000,-5.931441e+001,-5.466522e+001,1.106608e+001,1.000000e+000
93,3.100000,-8.230893e-002,6.961079e-001,7.132034e-001,0.000000e+000,9.957975e-001,8.628055e-002,3.070998e-002,0.000000e+000,-4.015813e-002,7.127339e-001,-7.002841e-001,0.000000e+000,-5.929852e+001,-5.466131e+001,1.054446e+001,1.000000e+000
94,3.133333,-8.506657e-002,7.147322e-001,6.942057e-001,0.000000e+000,9.955832e-001,8.874770e-002,3.062497e-002,0.000000e+000,-3.972051e-002,6.937448e-001,-7.191249e-001,0.000000e+000,-5.930144e+001,-5.468752e+001,1.004457e+001,1.000000e+000
95,3.166667,-8.804563e-002,7.321454e-001,6.754341e-001,0.000000e+000,9.953371e-001,9.147829e-002,3.058730e-002,0.000000e+000,-3.939321e-002,6.749778e-001,-7.367858e-001,0.000000e+000,-5.931326e+001,-5.475943e+001,9.559156e+000,1.000000e+000
