Frame,Time,[0][0],[0][1],[0][2],[0][3],[1][0],[1][1],[1][2],[1][3],[2][0],[2][1],[2][2],[2][3],[3][0],[3][1],[3][2],[3][3]
1,0.033333,-5.349615e-002,3.835903e-001,9.219527e-001,0.000000e+000,9.922618e-001,1.240202e-001,5.975651e-003,0.000000e+000,-1.120485e-001,9.151379e-001,-3.872565e-001,0.000000e+000,-5.698291e+001,2.308718e+001,6.592616e+000,1.000000e+000
2,0.066667,-5.317244e-002,3.864655e-001,9.207699e-001,0.000000e+000,9.923618e-001,1.232358e-001,5.582185e-003,0.000000e+000,-1.113145e-001,9.140335e-001,-3.900663e-001,0.000000e+000,-5.695548e+001,2.302013e+001,6.217282e+000,1.000000e+000
3,0.100000,-5.323501e-002,3.882656e-001,9.200086e-001,0.000000e+000,9.924148e-001,1.228076e-001,5.596928e-003,0.000000e+000,-1.108110e-001,9.133280e-001,-3.918582e-001,0.000000e+000,-5.691686e+001,2.292836e+001,5.889743e+000,1.000000e+000
4,0.133333,-5.351968e-002,3.890002e-001,9.196817e-001,0.000000e+000,9.924322e-001,1.226537e-001,5.874158e-003,0.000000e+000,-1.105173e-001,9.130361e-001,-3.926207e-001,0.000000e+000,-5.686901e+001,2.281928e+001,5.625639e+000,1.000000e+000
5,0.166667,-5.384056e-002,3.888079e-001,9.197443e-001,0.000000e+000,9.924305e-001,1.226492e-001,6.247426e-003,0.000000e+000,-1.103769e-001,9.131186e-001,-3.924683e-001,0.000000e+000,-5.681606e+001,2.270378e+001,5.435396e+000,1.000000e+000
6,0.200000,-5.409072e-002,3.879257e-001,9.201021e-001,0.000000e+000,9.924245e-001,1.226777e-001,6.620063e-003,0.000000e+000,-1.103079e-001,9.134899e-001,-3.916227e-001,0.000000e+000,-5.676292e+001,2.259413e+001,5.320316e+000,1.000000e+000
7,0.233333,-5.425037e-002,3.866747e-001,9.206191e-001,0.000000e+000,9.924260e-001,1.226463e-001,6.968402e-003,0.000000e+000,-1.102161e-001,9.140244e-001,-3.903996e-001,0.000000e+000,-5.671280e+001,2.250505e+001,5.275169e+000,1.000000e+000
8,0.266667,-5.435902e-002,3.854361e-001,9.211320e-001,0.000000e+000,9.924417e-001,1.225003e-001,7.308519e-003,0.000000e+000,-1.100220e-001,9.145669e-001,-3.891818e-001,0.000000e+000,-5.666555e+001,2.245318e+001,5.292146e+000,1.000000e+000
9,0.300000,-5.445911e-002,3.845451e-001,9.214985e-001,0.000000e+000,9.924695e-001,1.222541e-001,7.636260e-003,0.000000e+000,-1.097205e-001,9.149749e-001,-3.883071e-001,0.000000e+000,-5.661935e+001,2.245035e+001,5.366605e+000,1.000000e+000
10,0.333333,-5.455833e-002,3.842055e-001,9.216341e-001,0.000000e+000,9.925029e-001,1.219651e-001,7.909452e-003,0.000000e+000,-1.093684e-001,9.151561e-001,-3.879793e-001,0.000000e+000,-5.657329e+001,2.249977e+001,5.496835e+000,1.000000e+000
11,0.366667,-5.467109e-002,3.845115e-001,9.214998e-001,0.000000e+000,9.925318e-001,1.217175e-001,8.096601e-003,0.000000e+000,-1.090494e-001,9.150605e-001,-3.882943e-001,0.000000e+000,-5.653123e+001,2.259558e+001,5.675976e+000,1.000000e+000
12,0.400000,-5.481535e-002,3.854497e-001,9.210993e-001,0.000000e+000,9.925466e-001,1.215915e-001,8.185190e-003,0.000000e+000,-1.088429e-001,9.146825e-001,-3.892418e-001,0.000000e+000,-5.649965e+001,2.272495e+001,5.888688e+000,1.000000e+000
13,0.433333,-5.499472e-002,3.868875e-001,9.204856e-001,0.000000e+000,9.925416e-001,1.216327e-001,8.176506e-003,0.000000e+000,-1.087978e-001,9.140697e-001,-3.906911e-001,0.000000e+000,-5.648384e+001,2.286965e+001,6.110723e+000,1.000000e+000
14,0.466667,-5.520033e-002,3.885998e-001,9.197516e-001,0.000000e+000,9.925156e-001,1.218505e-001,8.084906e-003,0.000000e+000,-1.089304e-001,9.133141e-001,-3.924176e-001,0.000000e+000,-5.648661e+001,2.300705e+001,6.314174e+000,1.000000e+000
15,0.500000,-5.541856e-002,3.903254e-001,9.190075e-001,0.000000e+000,9.924708e-001,1.222251e-001,7.936543e-003,0.000000e+000,-1.092279e-001,9.125279e-001,-3.941601e-001,0.000000e+000,-5.650807e+001,2.311260e+001,6.473754e+000,1.000000e+000
16,0.533333,-5.563248e-002,3.918769e-001,9.183341e-001,0.000000e+000,9.924102e-001,1.227276e-001,7.748940e-003,0.000000e+000,-1.096683e-001,9.117951e-001,-3.957303e-001,0.000000e+000,-5.654673e+001,2.316812e+001,6.572055e+000,1.000000e+000
17,0.566667,-5.582910e-002,3.931684e-001,9.177700e-001,0.000000e+000,9.923369e-001,1.233326e-001,7.529983e-003,0.000000e+000,-1.102304e-001,9.111573e-001,-3.970411e-001,0.000000e+000,-5.659922e+001,2.316817e+001,6.602745e+000,1.000000e+000
18,0.600000,-5.603242e-002,3.941584e-001,9.173329e-001,0.000000e+000,9.922543e-001,1.240079e-001,7.325205e-003,0.000000e+000,-1.108692e-001,9.106378e-001,-3.980538e-001,0.000000e+000,-5.666116e+001,2.311813e+001,6.570571e+000,1.000000e+000
19,0.633333,-5.631061e-002,3.947967e-001,9.170413e-001,0.000000e+000,9.921662e-001,1.247160e-001,7.231989e-003,0.000000e+000,-1.115145e-001,9.102646e-001,-3.987267e-001,0.000000e+000,-5.672783e+001,2.303009e+001,6.492211e+000,1.000000e+000
20,0.666667,-5.669962e-002,3.950268e-001,9.169182e-001,0.000000e+000,9.920722e-001,1.254574e-001,7.297346e-003,0.000000e+000,-1.121515e-001,9.100628e-001,-3.990085e-001,0.000000e+000,-5.679385e+001,2.291779e+001,6.395563e+000,1.000000e+000
21,0.700000,-5.718359e-002,3.948225e-001,9.169762e-001,0.000000e+000,9.919682e-001,1.262662e-001,7.493725e-003,0.000000e+000,-1.128244e-001,9.100396e-001,-3.988717e-001,0.000000e+000,-5.685566e+001,2.279390e+001,6.311035e+000,1.000000e+000
22,0.733333,-5.770202e-002,3.942451e-001,9.171920e-001,0.000000e+000,9.918520e-001,1.271603e-001,7.740494e-003,0.000000e+000,-1.135788e-001,9.101654e-001,-3.983702e-001,0.000000e+000,-5.691246e+001,2.267063e+001,6.260424e+000,1.000000e+000
23,0.766667,-5.816781e-002,3.934823e-001,9.174902e-001,0.000000e+000,9.917340e-001,1.280652e-001,7.951696e-003,0.000000e+000,-1.143697e-001,9.103686e-001,-3.976790e-001,0.000000e+000,-5.696204e+001,2.256268e+001,6.248099e+000,1.000000e+000
24,0.800000,-5.850718e-002,3.927381e-001,9.177874e-001,0.000000e+000,9.916284e-001,1.288731e-001,8.067226e-003,0.000000e+000,-1.151098e-001,9.105759e-001,-3.969902e-001,0.000000e+000,-5.700340e+001,2.247854e+001,6.263578e+000,1.000000e+000
25,0.833333,-5.869744e-002,3.921104e-001,9.180437e-001,0.000000e+000,9.915438e-001,1.295213e-001,8.076337e-003,0.000000e+000,-1.157394e-001,9.107545e-001,-3.963972e-001,0.000000e+000,-5.703922e+001,2.241596e+001,6.289739e+000,1.000000e+000
26,0.866667,-5.875623e-002,3.916503e-001,9.182363e-001,0.000000e+000,9.914858e-001,1.299684e-001,8.008595e-003,0.000000e+000,-1.162052e-001,9.108887e-001,-3.959522e-001,0.000000e+000,-5.707071e+001,2.237038e+001,6.310175e+000,1.000000e+000
27,0.900000,-5.874947e-002,3.913729e-001,9.183549e-001,0.000000e+000,9.914506e-001,1.302426e-001,7.920416e-003,0.000000e+000,-1.165091e-001,9.109688e-001,-3.956786e-001,0.000000e+000,-5.709806e+001,2.233623e+001,6.314638e+000,1.000000e+000
28,0.933333,-5.873616e-002,3.912356e-001,9.184143e-001,0.000000e+000,9.914278e-001,1.304202e-001,7.847891e-003,0.000000e+000,-1.167094e-001,9.110023e-001,-3.955423e-001,0.000000e+000,-5.712220e+001,2.230816e+001,6.303558e+000,1.000000e+000
29,0.966667,-5.871131e-002,3.911326e-001,9.184597e-001,0.000000e+000,9.914083e-001,1.305731e-001,7.768933e-003,0.000000e+000,-1.168875e-001,9.110247e-001,-3.954383e-001,0.000000e+000,-5.714581e+001,2.228292e+001,6.289069e+000,1.000000e+000
30,1.000000,-5.862595e-002,3.909425e-001,9.185462e-001,0.000000e+000,9.913891e-001,1.307265e-001,7.636612e-003,0.000000e+000,-1.170928e-001,9.110843e-001,-3.952400e-001,0.000000e+000,-5.717308e+001,2.225963e+001,6.285954e+000,1.000000e+000
31,1.033333,-5.843960e-002,3.905607e-001,9.187204e-001,0.000000e+000,9.913707e-001,1.308782e-001,7.422743e-003,0.000000e+000,-1.173414e-001,9.112262e-001,-3.948390e-001,0.000000e+000,-5.720864e+001,2.223828e+001,6.305788e+000,1.000000e+000
32,1.066667,-5.815706e-002,3.899203e-001,9.190103e-001,0.000000e+000,9.913536e-001,1.310239e-001,7.143920e-003,0.000000e+000,-1.176267e-001,9.114795e-001,-3.941688e-001,0.000000e+000,-5.725618e+001,2.221878e+001,6.354531e+000,1.000000e+000
33,1.100000,-5.779550e-002,3.889973e-001,9.194242e-001,0.000000e+000,9.913405e-001,1.311391e-001,6.832794e-003,0.000000e+000,-1.179146e-001,9.118572e-001,-3.932081e-001,0.000000e+000,-5.731746e+001,2.220333e+001,6.435147e+000,1.000000e+000
34,1.133333,-5.733328e-002,3.878254e-001,9.199480e-001,0.000000e+000,9.913399e-001,1.311611e-001,6.488578e-003,0.000000e+000,-1.181450e-001,9.123532e-001,-3.919867e-001,0.000000e+000,-5.739109e+001,2.219929e+001,6.551044e+000,1.000000e+000
35,1.166667,-5.669674e-002,3.864939e-001,9.205476e-001,0.000000e+000,9.913613e-001,1.310200e-001,6.049155e-003,0.000000e+000,-1.182722e-001,9.129383e-001,-3.905835e-001,0.000000e+000,-5.747226e+001,2.221803e+001,6.707129e+000,1.000000e+000
36,1.200000,-5.585058e-002,3.850912e-001,9.211870e-001,0.000000e+000,9.914086e-001,1.306873e-001,5.475785e-003,0.000000e+000,-1.182787e-001,9.135785e-001,-3.890817e-001,0.000000e+000,-5.755470e+001,2.226715e+001,6.904012e+000,1.000000e+000
37,1.233333,-5.486498e-002,3.836911e-001,9.218302e-001,0.000000e+000,9.914774e-001,1.301895e-001,4.821758e-003,0.000000e+000,-1.181626e-001,9.142384e-001,-3.875639e-001,0.000000e+000,-5.763227e+001,2.234559e+001,7.132257e+000,1.000000e+000
38,1.266667,-5.388466e-002,3.824362e-001,9.224094e-001,0.000000e+000,9.915584e-001,1.295940e-001,4.193706e-003,0.000000e+000,-1.179349e-001,9.148486e-001,-3.861909e-001,0.000000e+000,-5.769958e+001,2.244838e+001,7.373109e+000,1.000000e+000
39,1.300000,-5.309828e-002,3.815108e-001,9.228381e-001,0.000000e+000,9.916368e-001,1.290062e-001,3.724315e-003,0.000000e+000,-1.176310e-001,9.153180e-001,-3.851701e-001,0.000000e+000,-5.775318e+001,2.256795e+001,7.602298e+000,1.000000e+000
40,1.333333,-5.268318e-002,3.810464e-001,9.230537e-001,0.000000e+000,9.916968e-001,1.285502e-001,3.534069e-003,0.000000e+000,-1.173121e-001,9.155754e-001,-3.846549e-001,0.000000e+000,-5.779240e+001,2.269386e+001,7.795952e+000,1.000000e+000
41,1.366667,-5.269352e-002,3.810080e-001,9.230689e-001,0.000000e+000,9.917303e-001,1.282882e-001,3.660532e-003,0.000000e+000,-1.170242e-001,9.156283e-001,-3.846171e-001,0.000000e+000,-5.781747e+001,2.281623e+001,7.939745e+000,1.000000e+000
42,1.400000,-5.307744e-002,3.812523e-001,9.229461e-001,0.000000e+000,9.917399e-001,1.282014e-001,4.076015e-003,0.000000e+000,-1.167690e-001,9.155387e-001,-3.849077e-001,0.000000e+000,-5.782991e+001,2.292915e+001,8.029880e+000,1.000000e+000
43,1.433333,-5.369368e-002,3.816056e-001,9.227644e-001,0.000000e+000,9.917347e-001,1.282209e-001,4.681666e-003,0.000000e+000,-1.165311e-001,9.153888e-001,-3.853361e-001,0.000000e+000,-5.783144e+001,2.302958e+001,8.072137e+000,1.000000e+000
44,1.466667,-5.436585e-002,3.818998e-001,9.226034e-001,0.000000e+000,9.917247e-001,1.282716e-001,5.342543e-003,0.000000e+000,-1.163035e-001,9.152590e-001,-3.857131e-001,0.000000e+000,-5.782443e+001,2.311442e+001,8.078093e+000,1.000000e+000
45,1.500000,-5.495182e-002,3.820405e-001,9.225104e-001,0.000000e+000,9.917163e-001,1.283111e-001,5.936587e-003,0.000000e+000,-1.161003e-001,9.151947e-001,-3.859267e-001,0.000000e+000,-5.781263e+001,2.318057e+001,8.060247e+000,1.000000e+000
46,1.533333,-5.537160e-002,3.819361e-001,9.225285e-001,0.000000e+000,9.917145e-001,1.283023e-001,6.405783e-003,0.000000e+000,-1.159160e-001,9.152395e-001,-3.858759e-001,0.000000e+000,-5.779769e+001,2.322679e+001,8.031882e+000,1.000000e+000
47,1.566667,-5.559170e-002,3.815119e-001,9.226907e-001,0.000000e+000,9.917231e-001,1.282193e-001,6.735052e-003,0.000000e+000,-1.157373e-001,9.154280e-001,-3.854821e-001,0.000000e+000,-5.778016e+001,2.325467e+001,8.005536e+000,1.000000e+000
48,1.600000,-5.561639e-002,3.807273e-001,9.230133e-001,0.000000e+000,9.917400e-001,1.280775e-001,6.927754e-003,0.000000e+000,-1.155796e-001,9.157745e-001,-3.847057e-001,0.000000e+000,-5.776113e+001,2.326599e+001,7.993039e+000,1.000000e+000
49,1.633333,-5.548483e-002,3.795862e-001,9.234911e-001,0.000000e+000,9.917561e-001,1.279496e-001,6.994678e-003,0.000000e+000,-1.155052e-001,9.162659e-001,-3.835562e-001,0.000000e+000,-5.774307e+001,2.326076e+001,8.005121e+000,1.000000e+000
50,1.666667,-5.525948e-002,3.781598e-001,9.240897e-001,0.000000e+000,9.917604e-001,1.279185e-001,6.958789e-003,0.000000e+000,-1.155766e-001,9.168599e-001,-3.821125e-001,0.000000e+000,-5.772881e+001,2.324011e+001,8.046985e+000,1.000000e+000
51,1.700000,-5.501392e-002,3.765788e-001,9.247497e-001,0.000000e+000,9.917463e-001,1.280328e-001,6.861749e-003,0.000000e+000,-1.158143e-001,9.174944e-001,-3.805142e-001,0.000000e+000,-5.772058e+001,2.320819e+001,8.114447e+000,1.000000e+000
52,1.733333,-5.482194e-002,3.749522e-001,9.254217e-001,0.000000e+000,9.917092e-001,1.283257e-001,6.755225e-003,0.000000e+000,-1.162225e-001,9.181195e-001,-3.788785e-001,0.000000e+000,-5.772002e+001,2.316792e+001,8.197001e+000,1.000000e+000
53,1.766667,-5.473956e-002,3.733930e-001,9.260568e-001,0.000000e+000,9.916463e-001,1.288144e-001,6.677628e-003,0.000000e+000,-1.167961e-001,9.186863e-001,-3.773251e-001,0.000000e+000,-5.772874e+001,2.312209e+001,8.281525e+000,1.000000e+000
54,1.800000,-5.479350e-002,3.720287e-001,9.266026e-001,0.000000e+000,9.915584e-001,1.294910e-001,6.644257e-003,0.000000e+000,-1.175148e-001,9.191446e-001,-3.759835e-001,0.000000e+000,-5.774817e+001,2.307456e+001,8.356019e+000,1.000000e+000
55,1.833333,-5.498686e-002,3.708686e-001,9.270560e-001,0.000000e+000,9.914503e-001,1.303153e-001,6.673664e-003,0.000000e+000,-1.183346e-001,9.194968e-001,-3.748633e-001,0.000000e+000,-5.777788e+001,2.302695e+001,8.415095e+000,1.000000e+000
56,1.866667,-5.528648e-002,3.698319e-001,9.274523e-001,0.000000e+000,9.913335e-001,1.311946e-001,6.779213e-003,0.000000e+000,-1.191696e-001,9.197893e-001,-3.738801e-001,0.000000e+000,-5.781426e+001,2.298131e+001,8.460593e+000,1.000000e+000
57,1.900000,-5.564234e-002,3.688099e-001,9.278379e-001,0.000000e+000,9.912243e-001,1.320067e-001,6.971738e-003,0.000000e+000,-1.199096e-001,9.200834e-001,-3.729185e-001,0.000000e+000,-5.785212e+001,2.294079e+001,8.497140e+000,1.000000e+000
58,1.933333,-5.601431e-002,3.677095e-001,9.282522e-001,0.000000e+000,9.911399e-001,1.326227e-001,7.273213e-003,0.000000e+000,-1.204330e-001,9.204352e-001,-3.718803e-001,0.000000e+000,-5.788633e+001,2.290942e+001,8.527368e+000,1.000000e+000
59,1.966667,-5.638214e-002,3.664798e-001,9.287161e-001,0.000000e+000,9.911004e-001,1.328929e-001,7.728718e-003,0.000000e+000,-1.205874e-001,9.208866e-001,-3.707111e-001,0.000000e+000,-5.791187e+001,2.289315e+001,8.549570e+000,1.000000e+000
60,2.000000,-5.671239e-002,3.651548e-001,9.292178e-001,0.000000e+000,9.911219e-001,1.326949e-001,8.345402e-003,0.000000e+000,-1.202551e-001,9.214413e-001,-3.694384e-001,0.000000e+000,-5.792244e+001,2.289869e+001,8.559482e+000,1.000000e+000
61,2.033333,-5.693877e-002,3.638710e-001,9.297075e-001,0.000000e+000,9.912087e-001,1.319989e-001,9.043309e-003,0.000000e+000,-1.194298e-001,9.220489e-001,-3.681878e-001,0.000000e+000,-5.791026e+001,2.293085e+001,8.552789e+000,1.000000e+000
62,2.066667,-5.703232e-002,3.627689e-001,9.301323e-001,0.000000e+000,9.913498e-001,1.308848e-001,9.738444e-003,0.000000e+000,-1.182074e-001,9.226418e-001,-3.670956e-001,0.000000e+000,-5.787040e+001,2.298899e+001,8.525745e+000,1.000000e+000
63,2.100000,-5.706290e-002,3.618981e-001,9.304696e-001,0.000000e+000,9.915200e-001,1.295359e-001,1.042507e-002,0.000000e+000,-1.167564e-001,9.231740e-001,-3.662209e-001,0.000000e+000,-5.780494e+001,2.306446e+001,8.475884e+000,1.000000e+000
64,2.133333,-5.712726e-002,3.612524e-001,9.307165e-001,-2.168404e-019,9.916914e-001,1.281591e-001,1.112565e-002,3.469447e-018,-1.152606e-001,9.236190e-001,-3.655722e-001,-4.336809e-019,-5.772094e+001,2.314390e+001,8.403019e+000,1.000000e+000
65,2.166667,-5.725403e-002,3.608249e-001,9.308745e-001,0.000000e+000,9.918463e-001,1.268915e-001,1.181855e-002,0.000000e+000,-1.138556e-001,9.239610e-001,-3.651479e-001,0.000000e+000,-5.762609e+001,2.321518e+001,8.309404e+000,1.000000e+000
66,2.200000,-5.739846e-002,3.606252e-001,9.309431e-001,0.000000e+000,9.919802e-001,1.257809e-001,1.243724e-002,0.000000e+000,-1.126097e-001,9.241908e-001,-3.649527e-001,0.000000e+000,-5.752662e+001,2.326989e+001,8.197545e+000,1.000000e+000
67,2.233333,-5.747749e-002,3.606737e-001,9.309193e-001,0.000000e+000,9.920984e-001,1.247974e-001,1.290354e-002,0.000000e+000,-1.115224e-001,9.243052e-001,-3.649969e-001,0.000000e+000,-5.742685e+001,2.330426e+001,8.068420e+000,1.000000e+000
68,2.266667,-5.743721e-002,3.609813e-001,9.308026e-001,0.000000e+000,9.922095e-001,1.238820e-001,1.318286e-002,0.000000e+000,-1.105509e-001,9.243082e-001,-3.652845e-001,0.000000e+000,-5.733129e+001,2.331787e+001,7.922184e+000,1.000000e+000
69,2.300000,-5.727781e-002,3.615550e-001,9.305897e-001,0.000000e+000,9.923161e-001,1.230136e-001,1.328350e-002,0.000000e+000,-1.096725e-001,9.241999e-001,-3.658229e-001,0.000000e+000,-5.724673e+001,2.331183e+001,7.761364e+000,1.000000e+000
70,2.333333,-5.706822e-002,3.624074e-001,9.302710e-001,0.000000e+000,9.924076e-001,1.222781e-001,1.324395e-002,0.000000e+000,-1.089520e-001,9.239637e-001,-3.666340e-001,0.000000e+000,-5.718426e+001,2.328648e+001,7.592245e+000,1.000000e+000
71,2.366667,-5.694446e-002,3.635598e-001,9.298288e-001,0.000000e+000,9.924583e-001,1.218788e-001,1.312580e-002,0.000000e+000,-1.085544e-001,9.235637e-001,-3.677583e-001,0.000000e+000,-5.715709e+001,2.324167e+001,7.424983e+000,1.000000e+000
72,2.400000,-5.704741e-002,3.650616e-001,9.292339e-001,0.000000e+000,9.924453e-001,1.219984e-001,1.299941e-002,0.000000e+000,-1.086195e-001,9.229553e-001,-3.692633e-001,0.000000e+000,-5.717057e+001,2.318188e+001,7.270516e+000,1.000000e+000
73,2.433333,-5.746045e-002,3.669810e-001,9.284521e-001,0.000000e+000,9.923587e-001,1.227098e-001,1.291312e-002,0.000000e+000,-1.091913e-001,9.220994e-001,-3.712277e-001,0.000000e+000,-5.722184e+001,2.311510e+001,7.135488e+000,1.000000e+000
74,2.466667,-5.816670e-002,3.693613e-001,9.274637e-001,0.000000e+000,9.922081e-001,1.239256e-001,1.287394e-002,0.000000e+000,-1.101814e-001,9.209857e-001,-3.736916e-001,0.000000e+000,-5.730253e+001,2.304989e+001,7.018709e+000,1.000000e+000
75,2.500000,-5.906483e-002,3.721472e-001,9.262925e-001,0.000000e+000,9.920208e-001,1.254165e-001,1.286864e-002,0.000000e+000,-1.113834e-001,9.196615e-001,-3.765855e-001,0.000000e+000,-5.740039e+001,2.299389e+001,6.914207e+000,1.000000e+000
76,2.533333,-5.999991e-002,3.751723e-001,9.250112e-001,-2.168404e-019,9.918338e-001,1.268867e-001,1.287070e-002,3.469447e-018,-1.125429e-001,9.182295e-001,-3.797217e-001,-4.336809e-019,-5.750089e+001,2.295277e+001,6.816430e+000,1.000000e+000
77,2.566667,-6.078955e-002,3.781868e-001,9.237312e-001,0.000000e+000,9.916821e-001,1.280717e-001,1.282718e-002,0.000000e+000,-1.134527e-001,9.168273e-001,-3.828265e-001,0.000000e+000,-5.758868e+001,2.292901e+001,6.725320e+000,1.000000e+000
78,2.600000,-6.127602e-002,3.809625e-001,9.225578e-001,0.000000e+000,9.915836e-001,1.288490e-001,1.265361e-002,0.000000e+000,-1.140500e-001,9.155685e-001,-3.856515e-001,0.000000e+000,-5.765006e+001,2.292139e+001,6.647956e+000,1.000000e+000
79,2.633333,-6.141757e-002,3.833727e-001,9.215494e-001,0.000000e+000,9.915379e-001,1.292325e-001,1.232018e-002,0.000000e+000,-1.143709e-001,9.145077e-001,-3.880657e-001,0.000000e+000,-5.767527e+001,2.292697e+001,6.590451e+000,1.000000e+000
80,2.666667,-6.128547e-002,3.853659e-001,9.207264e-001,0.000000e+000,9.915326e-001,1.293150e-001,1.187426e-002,0.000000e+000,-1.144878e-001,9.136580e-001,-3.900279e-001,0.000000e+000,-5.765911e+001,2.294115e+001,6.554854e+000,1.000000e+000
81,2.700000,-6.101707e-002,3.869078e-001,9.200975e-001,0.000000e+000,9.915510e-001,1.292145e-001,1.141991e-002,0.000000e+000,-1.144715e-001,9.130203e-001,-3.915232e-001,0.000000e+000,-5.760102e+001,2.295696e+001,6.540010e+000,1.000000e+000
82,2.733333,-6.072729e-002,3.879450e-001,9.196798e-001,0.000000e+000,9.915799e-001,1.290240e-001,1.104923e-002,0.000000e+000,-1.143743e-001,9.126070e-001,-3.925137e-001,0.000000e+000,-5.750388e+001,2.296634e+001,6.545271e+000,1.000000e+000
83,2.766667,-6.045585e-002,3.884870e-001,9.194689e-001,0.000000e+000,9.916127e-001,1.287945e-001,1.078209e-002,0.000000e+000,-1.142338e-001,9.124088e-001,-3.930150e-001,0.000000e+000,-5.737616e+001,2.296377e+001,6.567895e+000,1.000000e+000
84,2.800000,-6.023377e-002,3.886740e-001,9.194044e-001,0.000000e+000,9.916454e-001,1.285564e-001,1.061991e-002,0.000000e+000,-1.140677e-001,9.123628e-001,-3.931702e-001,0.000000e+000,-5.722949e+001,2.294951e+001,6.598282e+000,1.000000e+000
85,2.833333,-6.009332e-002,3.888278e-001,9.193485e-001,-2.168404e-019,9.916685e-001,1.283858e-001,1.052125e-002,3.469447e-018,-1.139403e-001,9.123213e-001,-3.933035e-001,-4.336809e-019,-5.707443e+001,2.292761e+001,6.623742e+000,1.000000e+000
86,2.866667,-6.003981e-002,3.894013e-001,9.191093e-001,0.000000e+000,9.916720e-001,1.283691e-001,1.039340e-002,0.000000e+000,-1.139381e-001,9.120789e-001,-3.938657e-001,0.000000e+000,-5.691859e+001,2.290541e+001,6.632108e+000,1.000000e+000
87,2.900000,-6.007923e-002,3.907678e-001,9.185265e-001,0.000000e+000,9.916422e-001,1.286199e-001,1.014296e-002,0.000000e+000,-1.141773e-001,9.114590e-001,-3.952293e-001,0.000000e+000,-5.676879e+001,2.288697e+001,6.617156e+000,1.000000e+000
88,2.933333,-6.023596e-002,3.931897e-001,9.174822e-001,0.000000e+000,9.915543e-001,1.293311e-001,9.673811e-003,0.000000e+000,-1.148554e-001,9.103160e-001,-3.976593e-001,0.000000e+000,-5.663245e+001,2.286936e+001,6.578438e+000,1.000000e+000
89,2.966667,-6.057648e-002,3.967854e-001,9.159104e-001,0.000000e+000,9.913784e-001,1.307254e-001,8.935653e-003,0.000000e+000,-1.161873e-001,9.085550e-001,-4.012834e-001,0.000000e+000,-5.651751e+001,2.284392e+001,6.517683e+000,1.000000e+000
90,3.000000,-6.125314e-002,4.015586e-001,9.137827e-001,0.000000e+000,9.910880e-001,1.329685e-001,8.002554e-003,0.000000e+000,-1.182908e-001,9.061292e-001,-4.061247e-001,0.000000e+000,-5.643124e+001,2.280139e+001,6.431555e+000,1.000000e+000
91,3.033333,-6.241770e-002,4.074012e-001,9.111138e-001,0.000000e+000,9.906676e-001,1.361207e-001,7.001821e-003,0.000000e+000,-1.211689e-001,9.030479e-001,-4.120955e-001,0.000000e+000,-5.638004e+001,2.273378e+001,6.314668e+000,1.000000e+000
92,3.066667,-6.420150e-002,4.140463e-001,9.079889e-001,0.000000e+000,9.901162e-001,1.401165e-001,6.114865e-003,0.000000e+000,-1.246924e-001,8.994070e-001,-4.189497e-001,0.000000e+000,-5.636851e+001,2.263527e+001,6.162639e+000,1.000000e+000
93,3.100000,-6.673391e-002,4.211196e-001,9.045468e-001,0.000000e+000,9.894410e-001,1.448298e-001,5.570318e-003,0.000000e+000,-1.286595e-001,8.953673e-001,-4.263380e-001,0.000000e+000,-5.640062e+001,2.250033e+001,5.971908e+000,1.000000e+000
94,3.133333,-7.013914e-002,4.282026e-001,9.009568e-001,0.000000e+000,9.886492e-001,1.501377e-001,5.609194e-003,0.000000e+000,-1.328657e-001,8.911236e-001,-4.338726e-001,0.000000e+000,-5.647992e+001,2.232224e+001,5.740251e+000,1.000000e+000
95,3.166667,-7.450003e-002,4.348778e-001,8.974024e-001,0.000000e+000,9.877446e-001,1.559474e-001,6.428472e-003,0.000000e+000,-1.371520e-001,8.868831e-001,-4.411663e-001,0.000000e+000,-5.660794e+001,2.209340e+001,5.469092e+000,1.000000e+000
