Frame,Time,[0][0],[0][1],[0][2],[0][3],[1][0],[1][1],[1][2],[1][3],[2][0],[2][1],[2][2],[2][3],[3][0],[3][1],[3][2],[3][3]
1,0.033333,2.222057e-002,9.979448e-001,6.010308e-002,0.000000e+000,-8.545627e-002,-5.800202e-002,9.946522e-001,0.000000e+000,9.960941e-001,-2.723794e-002,8.399180e-002,0.000000e+000,-5.621970e+000,6.335741e+001,1.012521e+002,1.000000e+000
2,0.066667,3.641295e-002,9.981268e-001,4.916268e-002,0.000000e+000,-6.507279e-003,-4.895746e-002,9.987796e-001,0.000000e+000,9.993156e-001,-3.668846e-002,4.712419e-003,0.000000e+000,-4.439881e-001,6.386229e+001,1.010254e+002,1.000000e+000
3,0.100000,4.927200e-002,9.980444e-001,3.846623e-002,0.000000e+000,6.911111e-002,-4.182759e-002,9.967316e-001,0.000000e+000,9.963914e-001,-4.645258e-002,-7.103691e-002,0.000000e+000,4.477105e+000,6.431902e+001,1.006655e+002,1.000000e+000
4,0.133333,6.041254e-002,9.977849e-001,2.785054e-002,0.000000e+000,1.394301e-001,-3.606345e-002,9.895749e-001,0.000000e+000,9.883874e-001,-5.589955e-002,-1.412999e-001,0.000000e+000,9.080801e+000,6.472928e+001,1.001775e+002,1.000000e+000
5,0.166667,6.958025e-002,9.974257e-001,1.733955e-002,0.000000e+000,2.031987e-001,-3.118816e-002,9.786407e-001,0.000000e+000,9.766621e-001,-6.457076e-002,-2.048458e-001,0.000000e+000,1.331828e+001,6.509786e+001,9.957294e+001,1.000000e+000
6,0.200000,7.665724e-002,9.970322e-001,7.104307e-003,0.000000e+000,2.598585e-001,-2.685737e-002,9.652731e-001,0.000000e+000,9.625992e-001,-7.214908e-002,-2.611461e-001,0.000000e+000,1.715895e+001,6.543169e+001,9.887099e+001,1.000000e+000
7,0.233333,8.161795e-002,9.966602e-001,-2.628334e-003,0.000000e+000,3.094383e-001,-2.283342e-002,9.506453e-001,0.000000e+000,9.474104e-001,-7.840307e-002,-3.102685e-001,0.000000e+000,2.059338e+001,6.573735e+001,9.809370e+001,1.000000e+000
8,0.266667,8.453485e-002,9.963524e-001,-1.165242e-002,0.000000e+000,3.523493e-001,-1.895207e-002,9.356766e-001,0.000000e+000,9.320428e-001,-8.320303e-002,-3.526661e-001,0.000000e+000,2.363414e+001,6.601948e+001,9.726065e+001,1.000000e+000
9,0.300000,8.550996e-002,9.961398e-001,-1.983887e-002,0.000000e+000,3.892762e-001,-1.507366e-002,9.209977e-001,0.000000e+000,9.171435e-001,-8.647729e-002,-3.890625e-001,0.000000e+000,2.631197e+001,6.628265e+001,9.638551e+001,1.000000e+000
10,0.333333,8.465166e-002,9.960399e-001,-2.717726e-002,0.000000e+000,4.212225e-001,-1.105422e-002,9.068899e-001,0.000000e+000,9.029981e-001,-8.821744e-002,-4.204902e-001,0.000000e+000,2.867727e+001,6.653385e+001,9.547460e+001,1.000000e+000
11,0.366667,8.214705e-002,9.960488e-001,-3.374385e-002,0.000000e+000,4.493611e-001,-6.796353e-003,8.933243e-001,0.000000e+000,8.895653e-001,-8.854712e-002,-4.481440e-001,0.000000e+000,3.079427e+001,6.678156e+001,9.452888e+001,1.000000e+000
12,0.400000,7.824647e-002,9.961469e-001,-3.960816e-002,0.000000e+000,4.747053e-001,-2.292110e-003,8.801417e-001,0.000000e+000,8.766598e-001,-8.767024e-002,-4.730557e-001,0.000000e+000,3.272947e+001,6.703300e+001,9.354861e+001,1.000000e+000
13,0.433333,7.324478e-002,9.963085e-001,-4.477211e-002,0.000000e+000,4.979020e-001,2.367703e-003,8.672300e-001,0.000000e+000,8.641347e-001,-8.581220e-002,-4.958906e-001,0.000000e+000,3.454425e+001,6.729208e+001,9.253805e+001,1.000000e+000
14,0.466667,6.748171e-002,9.965056e-001,-4.922216e-002,0.000000e+000,5.192702e-001,7.047650e-003,8.545809e-001,0.000000e+000,8.519416e-001,-8.322822e-002,-5.169802e-001,0.000000e+000,3.628648e+001,6.755898e+001,9.150624e+001,1.000000e+000
15,0.500000,6.135203e-002,9.967081e-001,-5.299838e-002,0.000000e+000,5.388978e-001,1.161577e-002,8.422911e-001,0.000000e+000,8.401340e-001,-8.023702e-002,-5.364112e-001,0.000000e+000,3.798413e+001,6.783018e+001,9.046779e+001,1.000000e+000
16,0.533333,5.525542e-002,9.968898e-001,-5.619282e-002,0.000000e+000,5.567047e-001,1.595999e-002,8.305570e-001,0.000000e+000,8.288708e-001,-7.717559e-002,-5.540914e-001,0.000000e+000,3.964220e+001,6.809905e+001,8.944386e+001,1.000000e+000
17,0.566667,4.953589e-002,9.970322e-001,-5.893366e-002,0.000000e+000,5.726829e-001,1.998905e-002,8.195332e-001,0.000000e+000,8.182790e-001,-7.434659e-002,-5.699931e-001,0.000000e+000,4.124466e+001,6.836054e+001,8.845921e+001,1.000000e+000
18,0.600000,4.445782e-002,9.971257e-001,-6.135122e-002,0.000000e+000,5.868544e-001,2.363210e-002,8.093475e-001,0.000000e+000,8.084710e-001,-7.198606e-002,-5.841169e-001,0.000000e+000,4.275821e+001,6.861217e+001,8.753846e+001,1.000000e+000
19,0.633333,4.019426e-002,9.971706e-001,-6.352334e-002,0.000000e+000,5.991595e-001,2.682317e-002,8.001802e-001,0.000000e+000,7.996201e-001,-7.022332e-002,-5.963861e-001,0.000000e+000,4.413850e+001,6.885264e+001,8.670293e+001,1.000000e+000
20,0.666667,3.683527e-002,9.971747e-001,-6.546581e-002,0.000000e+000,6.094830e-001,2.949809e-002,7.922501e-001,0.000000e+000,7.919430e-001,-6.908312e-002,-6.066745e-001,0.000000e+000,4.533907e+001,6.907869e+001,8.597212e+001,1.000000e+000
21,0.700000,3.435616e-002,9.971512e-001,-6.715088e-002,0.000000e+000,6.176913e-001,3.163467e-002,7.857840e-001,0.000000e+000,7.856698e-001,-6.847506e-002,-6.148449e-001,0.000000e+000,4.631566e+001,6.928455e+001,8.536665e+001,1.000000e+000
22,0.733333,3.259065e-002,9.971175e-001,-6.851758e-002,0.000000e+000,6.236454e-001,3.328300e-002,7.809984e-001,0.000000e+000,7.810277e-001,-6.818397e-002,-6.207631e-001,0.000000e+000,4.703153e+001,6.946333e+001,8.490888e+001,1.000000e+000
23,0.766667,3.133351e-002,9.970934e-001,-6.944709e-002,0.000000e+000,6.270814e-001,3.449456e-002,7.781895e-001,0.000000e+000,7.783232e-001,-6.793240e-002,-6.241779e-001,0.000000e+000,4.745781e+001,6.960934e+001,8.462343e+001,1.000000e+000
24,0.800000,3.042044e-002,9.970976e-001,-6.979413e-002,0.000000e+000,6.275753e-001,3.529404e-002,7.777554e-001,0.000000e+000,7.779613e-001,-6.746079e-002,-6.246802e-001,0.000000e+000,4.756946e+001,6.971880e+001,8.453687e+001,1.000000e+000
25,0.833333,2.975175e-002,9.971438e-001,-6.941964e-002,0.000000e+000,6.246086e-001,3.567449e-002,7.801226e-001,0.000000e+000,7.803710e-001,-6.657015e-002,-6.217632e-001,0.000000e+000,4.734609e+001,6.979021e+001,8.467261e+001,1.000000e+000
26,0.866667,2.922677e-002,9.972467e-001,-6.815340e-002,0.000000e+000,6.176455e-001,3.559095e-002,7.856508e-001,0.000000e+000,7.859134e-001,-6.505668e-002,-6.149047e-001,0.000000e+000,4.677082e+001,6.982362e+001,8.504570e+001,1.000000e+000
27,0.900000,2.871495e-002,9.974180e-001,-6.582406e-002,0.000000e+000,6.062204e-001,3.498168e-002,7.945269e-001,0.000000e+000,7.947780e-001,-6.271872e-002,-6.036507e-001,0.000000e+000,4.582805e+001,6.982022e+001,8.565860e+001,1.000000e+000
28,0.933333,2.806710e-002,9.976608e-001,-6.233180e-002,0.000000e+000,5.900595e-001,3.379783e-002,8.066519e-001,0.000000e+000,8.068718e-001,-5.941986e-002,-5.877306e-001,0.000000e+000,4.450767e+001,6.978322e+001,8.649529e+001,1.000000e+000
29,0.966667,2.721555e-002,9.979636e-001,-5.768927e-002,0.000000e+000,5.690279e-001,3.198172e-002,8.216960e-001,0.000000e+000,8.218677e-001,-5.518974e-002,-5.669988e-001,0.000000e+000,4.280725e+001,6.971914e+001,8.752471e+001,1.000000e+000
30,1.000000,2.624852e-002,9.982992e-001,-5.205604e-002,0.000000e+000,5.431123e-001,2.947663e-002,8.391424e-001,0.000000e+000,8.392497e-001,-5.029857e-002,-5.414149e-001,0.000000e+000,4.073929e+001,6.963828e+001,8.870358e+001,1.000000e+000
31,1.033333,2.531324e-002,9.986352e-001,-4.568359e-002,0.000000e+000,5.123881e-001,2.627821e-002,8.583518e-001,0.000000e+000,8.583809e-001,-4.513542e-002,-5.110237e-001,0.000000e+000,3.832994e+001,6.955064e+001,8.998322e+001,1.000000e+000
32,1.066667,2.451566e-002,9.989448e-001,-3.883582e-002,0.000000e+000,4.770335e-001,2.244993e-002,8.785983e-001,0.000000e+000,8.785431e-001,-4.006546e-002,-4.759798e-001,0.000000e+000,3.561164e+001,6.946275e+001,9.131681e+001,1.000000e+000
33,1.100000,2.385600e-002,9.992121e-001,-3.171974e-002,0.000000e+000,4.374150e-001,1.809775e-002,8.990775e-001,0.000000e+000,8.989433e-001,-3.532311e-002,-4.366386e-001,0.000000e+000,3.262124e+001,6.937617e+001,9.266254e+001,1.000000e+000
34,1.133333,2.323738e-002,9.994310e-001,-2.444900e-002,0.000000e+000,3.940205e-001,1.332030e-002,9.190050e-001,0.000000e+000,9.188078e-001,-3.098869e-002,-3.934868e-001,0.000000e+000,2.939626e+001,6.928757e+001,9.398275e+001,1.000000e+000
35,1.166667,2.246920e-002,9.996004e-001,-1.715040e-002,0.000000e+000,3.473982e-001,8.279113e-003,9.376811e-001,0.000000e+000,9.374484e-001,-2.702699e-002,-3.470734e-001,0.000000e+000,2.597575e+001,6.919204e+001,9.524251e+001,1.000000e+000
36,1.200000,2.134323e-002,9.997218e-001,-1.004134e-002,0.000000e+000,2.981158e-001,3.222803e-003,9.545242e-001,0.000000e+000,9.542910e-001,-2.336614e-002,-2.979642e-001,0.000000e+000,2.240304e+001,6.908436e+001,9.641167e+001,1.000000e+000
37,1.233333,1.974074e-002,9.997994e-001,-3.370419e-003,0.000000e+000,2.468069e-001,-1.606363e-003,9.690633e-001,0.000000e+000,9.688635e-001,-1.996190e-002,-2.467892e-001,0.000000e+000,1.872529e+001,6.896167e+001,9.746592e+001,1.000000e+000
38,1.266667,1.768647e-002,9.998401e-001,2.672797e-003,0.000000e+000,1.942328e-001,-6.058158e-003,9.809367e-001,0.000000e+000,9.807960e-001,-1.683019e-002,-1.943088e-001,0.000000e+000,1.499429e+001,6.882504e+001,9.838878e+001,1.000000e+000
39,1.300000,1.526226e-002,9.998514e-001,8.009925e-003,0.000000e+000,1.411967e-001,-1.008578e-002,9.899301e-001,0.000000e+000,9.898639e-001,-1.397760e-002,-1.413297e-001,0.000000e+000,1.126230e+001,6.867475e+001,9.917204e+001,1.000000e+000
40,1.333333,1.256349e-002,9.998410e-001,1.265752e-002,0.000000e+000,8.845223e-002,-1.372019e-002,9.959859e-001,0.000000e+000,9.960011e-001,-1.139346e-002,-8.861058e-002,0.000000e+000,7.577099e+000,6.850876e+001,9.981348e+001,1.000000e+000
41,1.366667,9.688324e-003,9.998134e-001,1.671147e-002,0.000000e+000,3.656972e-002,-1.705541e-002,9.991855e-001,0.000000e+000,9.992841e-001,-9.069351e-003,-3.672816e-002,0.000000e+000,3.977506e+000,6.832358e+001,1.003163e+002,1.000000e+000
42,1.400000,6.717817e-003,9.997708e-001,2.033019e-002,0.000000e+000,-1.422980e-002,-2.023308e-002,9.996940e-001,0.000000e+000,9.998762e-001,-7.005116e-003,1.409060e-002,0.000000e+000,4.897629e-001,6.811723e+001,1.006885e+002,1.000000e+000
43,1.433333,3.687280e-003,9.997136e-001,2.364755e-002,0.000000e+000,-6.393570e-002,-2.336370e-002,9.976804e-001,0.000000e+000,9.979472e-001,-5.190691e-003,6.383128e-002,0.000000e+000,-2.872389e+000,6.789021e+001,1.009382e+002,1.000000e+000
44,1.466667,6.155506e-004,9.996419e-001,2.675133e-002,0.000000e+000,-1.126323e-001,-2.651183e-002,9.932830e-001,0.000000e+000,9.936365e-001,-3.624482e-003,1.125756e-001,0.000000e+000,-6.105948e+000,6.764256e+001,1.010732e+002,1.000000e+000
45,1.500000,-2.493426e-003,9.995543e-001,2.974756e-002,0.000000e+000,-1.604072e-001,-2.976228e-002,9.866021e-001,0.000000e+000,9.870477e-001,-2.311703e-003,1.604100e-001,0.000000e+000,-9.216621e+000,6.737380e+001,1.011015e+002,1.000000e+000
46,1.533333,-5.650047e-003,9.994489e-001,3.271107e-002,0.000000e+000,-2.072140e-001,-3.317178e-002,9.777330e-001,0.000000e+000,9.782794e-001,-1.253985e-003,2.072872e-001,0.000000e+000,-1.221723e+001,6.708488e+001,1.010309e+002,1.000000e+000
47,1.566667,-8.901079e-003,9.993241e-001,3.566931e-002,0.000000e+000,-2.529330e-001,-3.676083e-002,9.667851e-001,0.000000e+000,9.674429e-001,-4.165545e-004,2.530892e-001,0.000000e+000,-1.512457e+001,6.677897e+001,1.008680e+002,1.000000e+000
48,1.600000,-1.232837e-002,9.991775e-001,3.863071e-002,0.000000e+000,-2.973420e-001,-4.054928e-002,9.539096e-001,0.000000e+000,9.546915e-001,2.736164e-004,2.975973e-001,0.000000e+000,-1.795499e+001,6.645992e+001,1.006168e+002,1.000000e+000
49,1.633333,-1.599557e-002,9.990057e-001,4.161267e-002,0.000000e+000,-3.401101e-001,-4.457262e-002,9.393286e-001,0.000000e+000,9.402496e-001,8.721938e-004,3.404849e-001,0.000000e+000,-2.072265e+001,6.613139e+001,1.002814e+002,1.000000e+000
50,1.666667,-1.993234e-002,9.988062e-001,4.459745e-002,0.000000e+000,-3.809252e-001,-4.882862e-002,9.233156e-001,0.000000e+000,9.243910e-001,1.415536e-003,3.814437e-001,0.000000e+000,-2.343677e+001,6.579694e+001,9.986694e+001,1.000000e+000
51,1.700000,-2.410310e-002,9.985803e-001,4.750185e-002,0.000000e+000,-4.195760e-001,-5.323286e-002,9.061579e-001,0.000000e+000,9.074001e-001,1.910562e-003,4.202634e-001,0.000000e+000,-2.609836e+001,6.545824e+001,9.937992e+001,1.000000e+000
52,1.733333,-2.844869e-002,9.983312e-001,5.025269e-002,0.000000e+000,-4.559841e-001,-5.769870e-002,8.881155e-001,0.000000e+000,8.895331e-001,2.351254e-003,4.568647e-001,0.000000e+000,-2.869930e+001,6.511600e+001,9.882764e+001,1.000000e+000
53,1.766667,-3.295820e-002,9.980622e-001,5.278003e-002,0.000000e+000,-4.901749e-001,-6.216302e-002,8.694045e-001,0.000000e+000,8.710007e-001,2.782466e-003,4.912739e-001,0.000000e+000,-3.122527e+001,6.477239e+001,9.821656e+001,1.000000e+000
54,1.800000,-3.759325e-002,9.977781e-001,5.500793e-002,0.000000e+000,-5.222372e-001,-6.654823e-002,8.501996e-001,0.000000e+000,8.519712e-001,3.234534e-003,5.235786e-001,0.000000e+000,-3.365973e+001,6.442976e+001,9.755388e+001,1.000000e+000
55,1.833333,-4.226585e-002,9.974858e-001,5.688305e-002,0.000000e+000,-5.521567e-001,-7.076985e-002,8.307313e-001,0.000000e+000,8.326683e-001,3.703183e-003,5.537596e-001,0.000000e+000,-3.598521e+001,6.409021e+001,9.684928e+001,1.000000e+000
56,1.866667,-4.687808e-002,9.971920e-001,5.839933e-002,0.000000e+000,-5.797013e-001,-7.476999e-002,8.113913e-001,0.000000e+000,8.134795e-001,4.182267e-003,5.815786e-001,0.000000e+000,-3.818488e+001,6.375694e+001,9.611701e+001,1.000000e+000
57,1.900000,-5.137323e-002,9.968997e-001,5.959649e-002,0.000000e+000,-6.044665e-001,-7.854204e-002,7.927492e-001,0.000000e+000,7.949724e-001,4.701944e-003,6.066274e-001,0.000000e+000,-4.024125e+001,6.343557e+001,9.537481e+001,1.000000e+000
58,1.933333,-5.559698e-002,9.966136e-001,6.058399e-002,0.000000e+000,-6.259655e-001,-8.206389e-002,7.755209e-001,0.000000e+000,7.778664e-001,5.193115e-003,6.284083e-001,0.000000e+000,-4.213361e+001,6.312936e+001,9.464403e+001,1.000000e+000
59,1.966667,-5.933203e-002,9.963433e-001,6.148005e-002,0.000000e+000,-6.437740e-001,-8.526079e-002,7.604509e-001,0.000000e+000,7.629120e-001,5.539809e-003,6.464786e-001,0.000000e+000,-4.383711e+001,6.284002e+001,9.394989e+001,1.000000e+000
60,2.000000,-6.247577e-002,9.960989e-001,6.232052e-002,0.000000e+000,-6.578382e-001,-8.805785e-002,7.479938e-001,0.000000e+000,7.505636e-001,5.734680e-003,6.607733e-001,0.000000e+000,-4.532263e+001,6.256682e+001,9.331530e+001,1.000000e+000
61,2.033333,-6.500082e-002,9.958933e-001,6.301937e-002,0.000000e+000,-6.683433e-001,-9.034403e-002,7.383462e-001,0.000000e+000,7.410075e-001,5.874507e-003,6.714711e-001,0.000000e+000,-4.655419e+001,6.230688e+001,9.275932e+001,1.000000e+000
62,2.066667,-6.687134e-002,9.957477e-001,6.336158e-002,0.000000e+000,-6.755217e-001,-9.191853e-002,7.315882e-001,0.000000e+000,7.343014e-001,6.120133e-003,6.787959e-001,0.000000e+000,-4.749054e+001,6.205656e+001,9.229823e+001,1.000000e+000
63,2.100000,-6.803570e-002,9.956866e-001,6.308216e-002,0.000000e+000,-6.795065e-001,-9.254171e-002,7.278096e-001,0.000000e+000,7.305081e-001,6.652284e-003,6.828716e-001,0.000000e+000,-4.808998e+001,6.181508e+001,9.195113e+001,1.000000e+000
64,2.133333,-6.844997e-002,9.957260e-001,6.200154e-002,0.000000e+000,-6.802701e-001,-9.204289e-002,7.271593e-001,0.000000e+000,7.297583e-001,7.596227e-003,6.836630e-001,0.000000e+000,-4.831730e+001,6.158858e+001,9.174329e+001,1.000000e+000
65,2.166667,-6.808685e-002,9.958613e-001,6.020330e-002,0.000000e+000,-6.776090e-001,-9.044933e-002,7.298390e-001,0.000000e+000,7.322638e-001,8.898158e-003,6.809630e-001,0.000000e+000,-4.814421e+001,6.139045e+001,9.170256e+001,1.000000e+000
66,2.200000,-6.697138e-002,9.960607e-001,5.812049e-002,0.000000e+000,-6.712278e-001,-8.807676e-002,7.359997e-001,0.000000e+000,7.382194e-001,1.027878e-002,6.744823e-001,0.000000e+000,-4.755360e+001,6.123904e+001,9.185125e+001,1.000000e+000
67,2.233333,-6.522436e-002,9.962828e-001,5.626963e-002,0.000000e+000,-6.608263e-001,-8.537777e-002,7.456669e-001,0.000000e+000,7.476993e-001,1.145119e-002,6.639387e-001,0.000000e+000,-4.653651e+001,6.115266e+001,9.219995e+001,1.000000e+000
68,2.266667,-6.299110e-002,9.964972e-001,5.500494e-002,0.000000e+000,-6.459092e-001,-8.272061e-002,7.589193e-001,0.000000e+000,7.608110e-001,1.227692e-002,6.488575e-001,0.000000e+000,-4.508998e+001,6.114626e+001,9.274589e+001,1.000000e+000
69,2.300000,-6.033595e-002,9.966964e-001,5.436790e-002,0.000000e+000,-6.256372e-001,-8.020184e-002,7.759804e-001,0.000000e+000,7.777773e-001,1.280490e-002,6.284095e-001,0.000000e+000,-4.322237e+001,6.122855e+001,9.347017e+001,1.000000e+000
70,2.333333,-5.711303e-002,9.969001e-001,5.411350e-002,0.000000e+000,-5.989105e-001,-7.757727e-002,7.970495e-001,0.000000e+000,7.987768e-001,1.311273e-002,6.014846e-001,0.000000e+000,-4.095118e+001,6.140286e+001,9.434200e+001,1.000000e+000
71,2.366667,-5.295363e-002,9.971450e-001,5.383163e-002,0.000000e+000,-5.647207e-001,-7.436192e-002,8.219250e-001,0.000000e+000,8.235815e-001,1.312406e-002,5.670462e-001,0.000000e+000,-3.830541e+001,6.166676e+001,9.532198e+001,1.000000e+000
72,2.400000,-4.751953e-002,9.974517e-001,5.321659e-002,0.000000e+000,-5.226338e-001,-7.023031e-002,8.496596e-001,0.000000e+000,8.512319e-001,1.256263e-002,5.246393e-001,0.000000e+000,-3.532110e+001,6.201215e+001,9.636593e+001,1.000000e+000
73,2.433333,-4.053953e-002,9.978196e-001,5.208349e-002,0.000000e+000,-4.727593e-001,-6.507760e-002,8.787852e-001,0.000000e+000,8.802586e-001,1.100252e-002,4.743667e-001,0.000000e+000,-3.203019e+001,6.242662e+001,9.742760e+001,1.000000e+000
74,2.466667,-3.188388e-002,9.982256e-001,5.029068e-002,0.000000e+000,-4.155389e-001,-5.900056e-002,9.076598e-001,0.000000e+000,9.090164e-001,8.041929e-003,4.166827e-001,0.000000e+000,-2.845210e+001,6.289605e+001,9.845923e+001,1.000000e+000
75,2.500000,-2.170028e-002,9.986250e-001,4.771874e-002,0.000000e+000,-3.516594e-001,-5.230414e-002,9.346656e-001,0.000000e+000,9.358765e-001,3.501741e-003,3.523109e-001,0.000000e+000,-2.459534e+001,6.340520e+001,9.941098e+001,1.000000e+000
76,2.533333,-1.043256e-002,9.989635e-001,4.430670e-002,0.000000e+000,-2.820454e-001,-4.544977e-002,9.583238e-001,0.000000e+000,9.593443e-001,-2.498718e-003,2.822273e-001,0.000000e+000,-2.046762e+001,6.393701e+001,1.002329e+002,1.000000e+000
77,2.566667,1.367136e-003,9.991988e-001,3.999864e-002,0.000000e+000,-2.079081e-001,-3.884067e-002,9.773768e-001,0.000000e+000,9.781474e-001,-9.652292e-003,2.076885e-001,0.000000e+000,-1.608636e+001,6.447248e+001,1.008784e+002,1.000000e+000
78,2.600000,1.317006e-002,9.993088e-001,3.476251e-002,0.000000e+000,-1.306965e-001,-3.274693e-002,9.908814e-001,0.000000e+000,9.913350e-001,-1.759334e-002,1.301749e-001,0.000000e+000,-1.148413e+001,6.499319e+001,1.013079e+002,1.000000e+000
79,2.633333,2.451261e-002,9.992907e-001,2.858539e-002,0.000000e+000,-5.198673e-002,-2.728113e-002,9.982750e-001,0.000000e+000,9.983469e-001,-2.595643e-002,5.128109e-002,0.000000e+000,-6.705269e+000,6.548206e+001,1.014885e+002,1.000000e+000
80,2.666667,3.499424e-002,9.991566e-001,2.148527e-002,0.000000e+000,2.663398e-002,-2.242326e-002,9.993937e-001,0.000000e+000,9.990326e-001,-3.440084e-002,-2.739621e-002,0.000000e+000,-1.803287e+000,6.592375e+001,1.013966e+002,1.000000e+000
81,2.700000,4.422826e-002,9.989291e-001,1.358431e-002,0.000000e+000,1.037077e-001,-1.811508e-002,9.944428e-001,0.000000e+000,9.936240e-001,-4.257369e-002,-1.043978e-001,0.000000e+000,3.163815e+000,6.630531e+001,1.010189e+002,1.000000e+000
82,2.733333,5.182339e-002,9.986431e-001,5.137981e-003,0.000000e+000,1.778696e-001,-1.429276e-002,9.839502e-001,0.000000e+000,9.826885e-001,-5.007777e-002,-1.783689e-001,0.000000e+000,8.135655e+000,6.661836e+001,1.003549e+002,1.000000e+000
83,2.766667,5.745636e-002,9.983418e-001,-3.536390e-003,0.000000e+000,2.478135e-001,-1.083059e-002,9.687471e-001,0.000000e+000,9.671025e-001,-5.653708e-002,-2.480249e-001,0.000000e+000,1.305083e+001,6.686214e+001,9.942056e+001,1.000000e+000
84,2.800000,6.093540e-002,9.980677e-001,-1.215082e-002,0.000000e+000,3.124958e-001,-7.514694e-003,9.498894e-001,0.000000e+000,9.479626e-001,-6.167900e-002,-3.123499e-001,0.000000e+000,1.784969e+001,6.704457e+001,9.824540e+001,1.000000e+000
85,2.833333,6.226172e-002,9.978500e-001,-2.046654e-002,0.000000e+000,3.712074e-001,-4.116914e-003,9.285408e-001,0.000000e+000,9.264602e-001,-6.540995e-002,-3.706656e-001,0.000000e+000,2.247776e+001,6.717784e+001,9.686577e+001,1.000000e+000
86,2.866667,6.156747e-002,9.977017e-001,-2.829788e-002,0.000000e+000,4.235441e-001,-4.432404e-004,9.058753e-001,0.000000e+000,9.037809e-001,-6.775787e-002,-4.225980e-001,0.000000e+000,2.688423e+001,6.727615e+001,9.532349e+001,1.000000e+000
87,2.900000,5.909584e-002,9.976216e-001,-3.547917e-002,0.000000e+000,4.695563e-001,3.584058e-003,8.828952e-001,0.000000e+000,8.809226e-001,-6.883492e-002,-4.682277e-001,0.000000e+000,3.102630e+001,6.735790e+001,9.366042e+001,1.000000e+000
88,2.933333,5.516613e-002,9.975966e-001,-4.192688e-002,0.000000e+000,5.096311e-001,7.976788e-003,8.603560e-001,0.000000e+000,8.586227e-001,-6.882979e-002,-5.079662e-001,0.000000e+000,3.487524e+001,6.744515e+001,9.191464e+001,1.000000e+000
89,2.966667,5.016806e-002,9.976018e-001,-4.768522e-002,0.000000e+000,5.443171e-001,1.272067e-002,8.387831e-001,0.000000e+000,8.373781e-001,-6.803606e-002,-5.423735e-001,0.000000e+000,3.841985e+001,6.755596e+001,9.011837e+001,1.000000e+000
90,3.000000,4.452376e-002,9.976084e-001,-5.286877e-002,0.000000e+000,5.742258e-001,1.774905e-002,8.185045e-001,0.000000e+000,8.174853e-001,-6.680152e-002,-5.720623e-001,0.000000e+000,4.166686e+001,6.770601e+001,8.829985e+001,1.000000e+000
91,3.033333,3.867044e-002,9.975924e-001,-5.756754e-002,0.000000e+000,5.999744e-001,2.289009e-002,7.996916e-001,0.000000e+000,7.990840e-001,-6.546348e-002,-5.976448e-001,0.000000e+000,4.463768e+001,6.790842e+001,8.648318e+001,1.000000e+000
92,3.066667,3.303428e-002,9.975427e-001,-6.178450e-002,0.000000e+000,6.222245e-001,2.785036e-002,7.823433e-001,0.000000e+000,7.821416e-001,-6.428797e-002,-6.197755e-001,0.000000e+000,4.736403e+001,6.817176e+001,8.468633e+001,1.000000e+000
93,3.100000,2.802641e-002,9.974601e-001,-6.548183e-002,0.000000e+000,6.415318e-001,3.228850e-002,7.664165e-001,0.000000e+000,7.665842e-001,-6.348862e-002,-6.389975e-001,0.000000e+000,4.987755e+001,6.849962e+001,8.292246e+001,1.000000e+000
94,3.133333,2.400495e-002,9.973520e-001,-6.864945e-002,0.000000e+000,6.582726e-001,3.591233e-002,7.519225e-001,0.000000e+000,7.523968e-001,-6.323992e-002,-6.556674e-001,0.000000e+000,5.220457e+001,6.889002e+001,8.120169e+001,1.000000e+000
95,3.166667,2.117466e-002,9.972294e-001,-7.131089e-002,0.000000e+000,6.727420e-001,3.855129e-002,7.388720e-001,0.000000e+000,7.395741e-001,-6.361925e-002,-6.700618e-001,0.000000e+000,5.436573e+001,6.933689e+001,7.953294e+001,1.000000e+000
